"Amygdala_L","Amygdala_R","Dorsal_striatum_L","Dorsal_striatum_R","Fusiform_gyrus_L","Fusiform_gyrus_R","Hippocampus_L","Hippocampus_R","Insula_L","Insula_R","Intracalcarine_cortex_L","Intracalcarine_cortex_R","lOFC_R","mOFC_L","mOFC_R","Oral_somatosensory_cortex_L","Oral_somatosensory_cortex_R","Precuneus_L","Precuneus_R","Ventral_striatum_L","Ventral_striatum_R","vlPFC_L","vlPFC_R","vlThalamus_L","vlThalamus_R","vmPFC_L","vmPFC_R","NA"
"Amygdala_L",1,0.05730312935724,0.215842418684951,0.327056593810736,0.27599571617328,0.131774514533297,0.297340097074819,0.473855875310974,0.097230492705976,0.0218912981503149,0.159490000480166,0.25357896164275,0.0196144899584465,0.1694014678156,0.0860622492394224,0.038396431849269,0.165381886814865,0.237814868384893,0.223288533537349,0.275858588775455,0.184914230270763,0.126307061199498,0.214018771124343,0.215393662468181,0.111397661542755,0.087077064598085,0.214999121607526,0.0014854312704782
"Amygdala_R",0.05730312935724,1,0.257153014839851,0.129679510145468,-0.145610099188981,0.0903146062277548,0.124963929529486,0.226766003190322,0.251599387925042,0.302087951986508,-0.0422900158706595,0.0395896019066143,-0.357171157136304,0.0741725243990151,0.082890210680488,0.185516742202027,0.2028085842544,0.13734726589388,0.122455680769709,0.0220239541134299,0.183825267948913,0.413129766144924,0.26640163250496,0.30362134255981,0.185427910848296,0.14527244377606,0.117715216836501,0.413204768781493
"Dorsal_striatum_L",0.215842418684951,0.257153014839851,1,0.702889697712923,0.363061649092947,0.256742658114662,0.247290051534128,0.411362880167004,0.458601296079781,0.541035843691068,0.218923125293708,0.222622573638933,0.0883500659384055,0.316152472035163,0.356482412026743,0.288337955643121,0.655983474066811,0.617036700362696,0.0999027086461321,0.170197832411722,0.164746457861857,0.344456700611514,0.299692571482152,0.128038088471131,0.277283901104015,0.355276019774827,0.205385441855883,0.538462757381757
"Dorsal_striatum_R",0.327056593810736,0.129679510145468,0.702889697712923,1,0.263110358140511,0.0627997957845822,0.31979526027456,0.314534234371408,0.312030270554221,0.387238851344006,0.196508861276792,0.21575779055218,0.0910779122600695,0.135836306336615,0.183521664915074,0.0884507885486102,0.438939879361724,0.413651404886853,-0.00313342266376061,0.116121542432575,0.199256991464039,0.336985052861459,0.323447169145709,0.00062459918103016,0.0429782541156577,0.0356419121424479,0.312986727980063,0.371799116620463
"Fusiform_gyrus_L",0.27599571617328,-0.145610099188981,0.363061649092947,0.263110358140511,1,0.361941059717456,0.338578012341691,0.326860819386533,0.172245259162863,0.0338162142222601,0.193705715855874,0.236262402102029,0.434657579264653,0.241114309208236,0.374167498536944,0.0769313953679109,0.35610219078,0.399974955498577,0.0828693251961178,0.302398332789092,-0.0714165635003245,0.0425800950231517,0.0974751774907262,0.0877704889116879,0.284429997537258,0.424982092750106,0.267061625695835,0.202424931548742
"Fusiform_gyrus_R",0.131774514533297,0.0903146062277548,0.256742658114662,0.0627997957845822,0.361941059717456,1,0.261494615498237,0.243342682640117,0.475789750801483,0.20754620781705,0.568281031566188,0.607710352271786,-0.139706400402998,0.587379438463925,0.246251798876667,0.0771784513988913,0.502411818245844,0.407234906360248,0.548041259355856,0.513657577850442,-0.0167822140352512,0.238239146663662,0.276640937287437,0.353519399516478,0.498275743737536,0.349358037588295,0.200586638788395,0.384309804020476
"Hippocampus_L",0.297340097074819,0.124963929529486,0.247290051534128,0.31979526027456,0.338578012341691,0.261494615498237,1,0.471622188410208,0.168262135055894,0.021378624321569,0.294137012075467,0.359927178004488,-0.115269025211869,0.278141531784477,0.000807178579083338,0.102077310867575,0.166080584015992,0.262528331162787,0.138169452381086,0.236311375815626,0.016413353078736,0.080887229598027,0.220758965339099,0.292785055871831,0.215349881401089,0.129043157330357,0.238721009641845,0.220366041473518
"Hippocampus_R",0.473855875310974,0.226766003190322,0.411362880167004,0.314534234371408,0.326860819386533,0.243342682640117,0.471622188410208,1,0.276168698087564,0.0748648426163046,0.0360607570677348,0.152456673034623,0.0203389100063838,0.204443318133981,0.38093251062319,0.111110312377116,0.37122484247372,0.344093039517389,0.123421228916164,0.265876341722684,-0.0473240703148419,0.35417081687243,0.190586973002954,0.324412055583997,0.0918502330936422,0.190985296664883,0.355896053400201,0.26998588233681
"Insula_L",0.097230492705976,0.251599387925042,0.458601296079781,0.312030270554221,0.172245259162863,0.475789750801483,0.168262135055894,0.276168698087564,1,0.56984439471141,0.417884497037632,0.49181825694085,-0.0121550588092483,0.546446300992267,0.404481609637939,0.339784805470272,0.733104588467371,0.591444457976609,0.21370507281531,0.158944025038987,0.0753103733773303,0.439580183737886,0.219399496536605,0.0617971204656093,0.355592841466104,0.454085714347135,0.121319633310426,0.422400029362023
"Insula_R",0.0218912981503149,0.302087951986508,0.541035843691068,0.387238851344006,0.0338162142222601,0.20754620781705,0.021378624321569,0.0748648426163046,0.56984439471141,1,0.221113899399691,0.175368640989661,-0.00945869805844285,0.437651833565331,0.219118147839701,0.413429469241488,0.544880445379995,0.47365505863194,0.101664620722109,0.0763634563466985,0.0380857132238737,0.460687274439765,0.395657473464475,0.107396054635559,0.374851597681753,0.181285538852381,0.0842407926323092,0.578858099566534
"Intracalcarine_cortex_L",0.159490000480166,-0.0422900158706595,0.218923125293708,0.196508861276792,0.193705715855874,0.568281031566188,0.294137012075467,0.0360607570677348,0.417884497037632,0.221113899399691,1,0.922054207884378,-0.0231779202919722,0.705809975193497,0.0110532993568164,0.278671640563014,0.42871642629325,0.372359563856884,0.276737170735641,0.326697483813575,0.106197053829991,0.263243613172672,0.256953900429528,-0.109431484465273,0.284194913990893,0.246554564321404,0.0981972170155251,0.189628976244278
"Intracalcarine_cortex_R",0.25357896164275,0.0395896019066143,0.222622573638933,0.21575779055218,0.236262402102029,0.607710352271786,0.359927178004488,0.152456673034623,0.49181825694085,0.175368640989661,0.922054207884378,1,0.00697993902012437,0.631490328490232,0.132188533488809,0.199112051347427,0.481509832144898,0.394737964346319,0.311701096850813,0.336346919485629,0.0870022217342144,0.242509278072425,0.217269294739111,-0.130936421277547,0.310094974942663,0.328085112201714,0.0885771365765309,0.170302740940841
"lOFC_R",0.0196144899584465,-0.357171157136304,0.0883500659384055,0.0910779122600695,0.434657579264653,-0.139706400402998,-0.115269025211869,0.0203389100063838,-0.0121550588092483,-0.00945869805844285,-0.0231779202919722,0.00697993902012437,1,-0.0260818547436381,0.360331705868364,0.120277198299316,0.166265491977003,0.0734420004394648,-0.158865179263269,-0.0238207744395589,-0.0174912247532515,-0.041509192047261,-0.307491799516198,-0.45778953124669,-0.103550498304524,0.147446562306437,-0.0747999606138336,-0.260341686447809
"mOFC_L",0.1694014678156,0.0741725243990151,0.316152472035163,0.135836306336615,0.241114309208236,0.587379438463925,0.278141531784477,0.204443318133981,0.546446300992267,0.437651833565331,0.705809975193497,0.631490328490232,-0.0260818547436381,1,0.191021421390519,0.277041273189556,0.478586143412676,0.437342402307871,0.22238928701794,0.27629327449858,0.0160072695697616,0.353330951604991,0.158367179377395,0.104229785770619,0.511551317575237,0.358496099633795,0.0977970883348733,0.298242726772328
"mOFC_R",0.0860622492394224,0.082890210680488,0.356482412026743,0.183521664915074,0.374167498536944,0.246251798876667,0.000807178579083338,0.38093251062319,0.404481609637939,0.219118147839701,0.0110532993568164,0.132188533488809,0.360331705868364,0.191021421390519,1,0.059522845790975,0.407600901941226,0.405664309789459,-0.0831742738921994,0.0238209298005704,-0.122180388893778,0.348326434756578,-0.193421021452148,0.00956716056012373,0.228938388224767,0.297727575630471,0.272756512167358,0.305439228467441
"Oral_somatosensory_cortex_L",0.038396431849269,0.185516742202027,0.288337955643121,0.0884507885486102,0.0769313953679109,0.0771784513988913,0.102077310867575,0.111110312377116,0.339784805470272,0.413429469241488,0.278671640563014,0.199112051347427,0.120277198299316,0.277041273189556,0.059522845790975,1,0.324810571983553,0.213188933241136,0.0798898015925031,-0.087701303717863,0.0984930933681838,0.27503576170237,0.179228424100961,-0.00846858470014646,0.168887793671814,0.129620433673432,0.103521163147322,0.203693589887907
"Oral_somatosensory_cortex_R",0.165381886814865,0.2028085842544,0.655983474066811,0.438939879361724,0.35610219078,0.502411818245844,0.166080584015992,0.37122484247372,0.733104588467371,0.544880445379995,0.42871642629325,0.481509832144898,0.166265491977003,0.478586143412676,0.407600901941226,0.324810571983553,1,0.786358492824962,0.314306067084325,0.289451479155156,0.158651555037039,0.513423208997759,0.320644962971132,0.129848907754043,0.387310820562319,0.512414520347049,0.234839320965885,0.457677808809394
"Precuneus_L",0.237814868384893,0.13734726589388,0.617036700362696,0.413651404886853,0.399974955498577,0.407234906360248,0.262528331162787,0.344093039517389,0.591444457976609,0.47365505863194,0.372359563856884,0.394737964346319,0.0734420004394648,0.437342402307871,0.405664309789459,0.213188933241136,0.786358492824962,1,0.246921700414073,0.350703407469956,0.0413741135547329,0.401073033640338,0.259666697799629,0.185705836387679,0.435990681138325,0.485884700062466,0.12392444061044,0.36161098259718
"Precuneus_R",0.223288533537349,0.122455680769709,0.0999027086461321,-0.00313342266376061,0.0828693251961178,0.548041259355856,0.138169452381086,0.123421228916164,0.21370507281531,0.101664620722109,0.276737170735641,0.311701096850813,-0.158865179263269,0.22238928701794,-0.0831742738921994,0.0798898015925031,0.314306067084325,0.246921700414073,1,0.708859903293505,0.0192889325336111,-0.00171023609331197,0.237825180498394,0.281379475033508,0.2736912255902,0.120556816859801,0.0866125294224651,0.0376493267569208
"Ventral_striatum_L",0.275858588775455,0.0220239541134299,0.170197832411722,0.116121542432575,0.302398332789092,0.513657577850442,0.236311375815626,0.265876341722684,0.158944025038987,0.0763634563466985,0.326697483813575,0.336346919485629,-0.0238207744395589,0.27629327449858,0.0238209298005704,-0.087701303717863,0.289451479155156,0.350703407469956,0.708859903293505,1,-0.27036005300965,-0.0135079207010636,0.345506059845876,0.157940613339178,0.133114952066949,0.17258204783078,0.152246133478096,0.120199174429027
"Ventral_striatum_R",0.184914230270763,0.183825267948913,0.164746457861857,0.199256991464039,-0.0714165635003245,-0.0167822140352512,0.016413353078736,-0.0473240703148419,0.0753103733773303,0.0380857132238737,0.106197053829991,0.0870022217342144,-0.0174912247532515,0.0160072695697616,-0.122180388893778,0.0984930933681838,0.158651555037039,0.0413741135547329,0.0192889325336111,-0.27036005300965,1,0.420243945846167,0.144581991282521,0.184354246325347,0.0222186618684691,-0.07550930350409,0.322643789593986,0.103313118583708
"vlPFC_L",0.126307061199498,0.413129766144924,0.344456700611514,0.336985052861459,0.0425800950231517,0.238239146663662,0.080887229598027,0.35417081687243,0.439580183737886,0.460687274439765,0.263243613172672,0.242509278072425,-0.041509192047261,0.353330951604991,0.348326434756578,0.27503576170237,0.513423208997759,0.401073033640338,-0.00171023609331197,-0.0135079207010636,0.420243945846167,1,0.317077728415122,0.271664543987971,0.275570258540848,0.156442690206647,0.533992665698548,0.513046420272725
"vlPFC_R",0.214018771124343,0.26640163250496,0.299692571482152,0.323447169145709,0.0974751774907262,0.276640937287437,0.220758965339099,0.190586973002954,0.219399496536605,0.395657473464475,0.256953900429528,0.217269294739111,-0.307491799516198,0.158367179377395,-0.193421021452148,0.179228424100961,0.320644962971132,0.259666697799629,0.237825180498394,0.345506059845876,0.144581991282521,0.317077728415122,1,0.425185692866539,0.0722154450695837,-0.032205832689802,0.293348031212141,0.594232111681013
"vlThalamus_L",0.215393662468181,0.30362134255981,0.128038088471131,0.00062459918103016,0.0877704889116879,0.353519399516478,0.292785055871831,0.324412055583997,0.0617971204656093,0.107396054635559,-0.109431484465273,-0.130936421277547,-0.45778953124669,0.104229785770619,0.00956716056012373,-0.00846858470014646,0.129848907754043,0.185705836387679,0.281379475033508,0.157940613339178,0.184354246325347,0.271664543987971,0.425185692866539,1,0.224190164418052,-0.061073335760697,0.390172658395898,0.409631634006169
"vlThalamus_R",0.111397661542755,0.185427910848296,0.277283901104015,0.0429782541156577,0.284429997537258,0.498275743737536,0.215349881401089,0.0918502330936422,0.355592841466104,0.374851597681753,0.284194913990893,0.310094974942663,-0.103550498304524,0.511551317575237,0.228938388224767,0.168887793671814,0.387310820562319,0.435990681138325,0.2736912255902,0.133114952066949,0.0222186618684691,0.275570258540848,0.0722154450695837,0.224190164418052,1,0.510831742538856,0.102788818019731,0.328714975237842
"vmPFC_L",0.087077064598085,0.14527244377606,0.355276019774827,0.0356419121424479,0.424982092750106,0.349358037588295,0.129043157330357,0.190985296664883,0.454085714347135,0.181285538852381,0.246554564321404,0.328085112201714,0.147446562306437,0.358496099633795,0.297727575630471,0.129620433673432,0.512414520347049,0.485884700062466,0.120556816859801,0.17258204783078,-0.07550930350409,0.156442690206647,-0.032205832689802,-0.061073335760697,0.510831742538856,1,0.0308950427616324,0.186138022247268
"vmPFC_R",0.214999121607526,0.117715216836501,0.205385441855883,0.312986727980063,0.267061625695835,0.200586638788395,0.238721009641845,0.355896053400201,0.121319633310426,0.0842407926323092,0.0981972170155251,0.0885771365765309,-0.0747999606138336,0.0977970883348733,0.272756512167358,0.103521163147322,0.234839320965885,0.12392444061044,0.0866125294224651,0.152246133478096,0.322643789593986,0.533992665698548,0.293348031212141,0.390172658395898,0.102788818019731,0.0308950427616324,1,0.401737552315161
"NA",0.0014854312704782,0.413204768781493,0.538462757381757,0.371799116620463,0.202424931548742,0.384309804020476,0.220366041473518,0.26998588233681,0.422400029362023,0.578858099566534,0.189628976244278,0.170302740940841,-0.260341686447809,0.298242726772328,0.305439228467441,0.203693589887907,0.457677808809394,0.36161098259718,0.0376493267569208,0.120199174429027,0.103313118583708,0.513046420272725,0.594232111681013,0.409631634006169,0.328714975237842,0.186138022247268,0.401737552315161,1
