"Amygdala_L","Amygdala_R","Dorsal_striatum_L","Dorsal_striatum_R","Fusiform_gyrus_L","Fusiform_gyrus_R","Hippocampus_L","Hippocampus_R","Insula_L","Insula_R","Intracalcarine_cortex_L","Intracalcarine_cortex_R","lOFC_R","mOFC_L","mOFC_R","Oral_somatosensory_cortex_L","Oral_somatosensory_cortex_R","Precuneus_L","Precuneus_R","Ventral_striatum_L","Ventral_striatum_R","vlPFC_L","vlPFC_R","vlThalamus_L","vlThalamus_R","vmPFC_L","vmPFC_R","NA"
"Amygdala_L",1,0.294942553833179,0.546440300866801,0.15235090875536,0.430987270488885,0.335431039260709,0.79677713124992,0.503703571238767,0.40441835566153,0.472182728305391,0.447543376328357,0.339461808309917,0.254580823064184,0.383604293214955,0.270034267316313,0.429546962850768,0.419495473716925,0.504095485955286,0.308101732147844,0.674421323706685,0.525706076305475,0.0695730051096383,0.535019196628566,0.111649728334836,0.308983202490093,0.472966357305586,0.516599263371456,0.451335234517727
"Amygdala_R",0.294942553833179,1,-0.018032735076123,-0.0142914246233199,-0.0305784036376701,-0.0880166759242546,0.315728049144133,0.32760764993295,-0.0488329111985796,0.162424415349451,0.0229242273300329,-0.0622419394455511,0.064864236724775,0.13502647712582,-0.225498665178282,-0.188195540143473,-0.00755241892140382,0.0974453766386751,0.153462088041506,0.19225955378417,-0.0950397496801695,-0.289842796783795,0.149059502585633,-0.140214321301887,0.299193962523089,-0.0148314198733977,-0.0977719673359956,-0.0170243300726079
"Dorsal_striatum_L",0.546440300866801,-0.018032735076123,1,0.625374221202474,0.612295966068028,0.271362860044183,0.567487322146434,0.274547873620838,0.697832296799106,0.603789135756577,0.320882639489181,0.438585379228967,0.360749439339495,0.501741720147132,0.534839924614682,0.57094957285807,0.535576984051038,0.772167448295384,0.430812279619656,0.624850539661506,0.423857284462406,0.289915632811252,0.584844160557915,0.215737543720914,0.161803405724752,0.136970824876931,0.885755107945764,0.756751795121725
"Dorsal_striatum_R",0.15235090875536,-0.0142914246233199,0.625374221202474,1,0.348938686434476,0.232901948454631,0.357337712658748,0.19632236083371,0.353067948624835,0.423991715298459,0.262881002967702,0.319483652268001,0.149075460623944,0.291321470373185,0.284915174218175,0.203821331002228,0.371467208299187,0.555707609904778,0.267597951973834,0.402270781631515,0.367455157097143,0.426349038929881,0.310028368311595,0.169690058753831,0.129023177691824,0.0362802102064594,0.649914587885831,0.546772692527715
"Fusiform_gyrus_L",0.430987270488885,-0.0305784036376701,0.612295966068028,0.348938686434476,1,0.476565408759255,0.543347432894653,0.433503640706913,0.602554122999056,0.427439001054747,0.245253179600617,0.434181874130164,0.0842882841581588,0.0971635495024127,0.510709946267827,0.646902862383054,0.260037166432677,0.492910389003684,0.183149354194473,0.37767400605124,0.407584107563531,0.360023364363833,0.417552637659799,-0.0733108274744909,0.108677451626475,0.286790004338735,0.620595261060721,0.552509938250748
"Fusiform_gyrus_R",0.335431039260709,-0.0880166759242546,0.271362860044183,0.232901948454631,0.476565408759255,1,0.465922282413568,0.511920206041969,0.315885122632771,0.330242974332928,0.630020840409484,0.504255336263303,0.266418647752035,0.352295567077977,0.245942302717972,0.343451143779675,0.341997727878613,0.310951304861741,0.311415477351703,0.343488070479015,0.244277890522987,0.355396496283869,0.285241578487866,-0.153942738973183,0.252898876223465,0.458529944482557,0.228729733986284,0.330901364689844
"Hippocampus_L",0.79677713124992,0.315728049144133,0.567487322146434,0.357337712658748,0.543347432894653,0.465922282413568,1,0.645025208808433,0.486590984702281,0.70529286267247,0.693569303399064,0.602160836582951,0.40634385432517,0.498701820451203,0.300887346568949,0.45544615394759,0.571435485715419,0.671661585896806,0.434426832122982,0.753619089014873,0.649937290901674,0.31513878059334,0.727893068145444,0.13379441313503,0.399164626596842,0.491565495821357,0.591178850157955,0.637103183378718
"Hippocampus_R",0.503703571238767,0.32760764993295,0.274547873620838,0.19632236083371,0.433503640706913,0.511920206041969,0.645025208808433,1,0.450348331212261,0.465181098870766,0.505787062822545,0.324345677895839,0.407838168845694,0.490667296573067,0.10875342712012,0.309132518927614,0.453556028230506,0.449124693114048,0.290641726223282,0.47381984382446,0.373187952064443,0.37456292787589,0.516212571693678,-0.211371303253487,0.280150264678939,0.506907147658667,0.334220417985492,0.440898003281206
"Insula_L",0.40441835566153,-0.0488329111985796,0.697832296799106,0.353067948624835,0.602554122999056,0.315885122632771,0.486590984702281,0.450348331212261,1,0.666816370306847,0.38178314984225,0.447802374557474,0.576652791486043,0.593901174719043,0.318403781863416,0.561158502371776,0.398248831594736,0.569734357318851,0.180140453836585,0.473898530204297,0.392628154149067,0.380141301095808,0.676049369618196,0.104858283568101,0.154346006711146,0.348718584899356,0.646070027122264,0.713252201128162
"Insula_R",0.472182728305391,0.162424415349451,0.603789135756577,0.423991715298459,0.427439001054747,0.330242974332928,0.70529286267247,0.465181098870766,0.666816370306847,1,0.642000420330847,0.641861213945786,0.613451586784282,0.770024639285509,0.146238921730444,0.251209353354075,0.585750289869439,0.727485035811278,0.421329885509957,0.653362913074613,0.562467832942427,0.32674879826021,0.727216028439821,0.307009155053669,0.180971242613552,0.339916218891274,0.528885479560852,0.539538585567332
"Intracalcarine_cortex_L",0.447543376328357,0.0229242273300329,0.320882639489181,0.262881002967702,0.245253179600617,0.630020840409484,0.693569303399064,0.505787062822545,0.38178314984225,0.642000420330847,1,0.640603283766866,0.53657514322969,0.589966922666777,0.138732968817442,0.3657063928441,0.42405635765805,0.465714756737378,0.549808361352641,0.611967171716583,0.591606846354802,0.42896140908732,0.597804670036716,0.0638528509593474,0.342814311959859,0.505978590312836,0.305491701112541,0.47778012995755
"Intracalcarine_cortex_R",0.339461808309917,-0.0622419394455511,0.438585379228967,0.319483652268001,0.434181874130164,0.504255336263303,0.602160836582951,0.324345677895839,0.447802374557474,0.641861213945786,0.640603283766866,1,0.442894149018686,0.443947355068545,0.21938548201053,0.29592883585293,0.470715481691941,0.571825048387574,0.349226782076152,0.539825537627961,0.554420824323967,0.538999143355275,0.524150225019236,0.138094099834395,-0.090464100101866,0.136130948839921,0.461497291643198,0.471061111795102
"lOFC_R",0.254580823064184,0.064864236724775,0.360749439339495,0.149075460623944,0.0842882841581588,0.266418647752035,0.40634385432517,0.407838168845694,0.576652791486043,0.613451586784282,0.53657514322969,0.442894149018686,1,0.721899860560869,-0.124119108393711,0.19976299400441,0.470368329439124,0.528793620383074,0.35189006341559,0.402087223761458,0.318509024134498,0.324176825131223,0.662223640678542,0.389220528438442,0.0654506982873585,0.336435601471617,0.234319067424067,0.432270320337537
"mOFC_L",0.383604293214955,0.13502647712582,0.501741720147132,0.291321470373185,0.0971635495024127,0.352295567077977,0.498701820451203,0.490667296573067,0.593901174719043,0.770024639285509,0.589966922666777,0.443947355068545,0.721899860560869,1,-0.0153016202607425,0.138099611378683,0.676652452373157,0.583597910776431,0.364785614847039,0.522811067418135,0.20657700735861,0.166072282054182,0.704420158418922,0.284661270431992,0.307894861292407,0.435265622134945,0.383969686494684,0.48089988237809
"mOFC_R",0.270034267316313,-0.225498665178282,0.534839924614682,0.284915174218175,0.510709946267827,0.245942302717972,0.300887346568949,0.10875342712012,0.318403781863416,0.146238921730444,0.138732968817442,0.21938548201053,-0.124119108393711,-0.0153016202607425,1,0.718666780648494,0.302384297786736,0.460023583650165,0.472820027751809,0.177935396836505,0.231775865465103,0.328331950393738,0.167191101466494,-0.0084224087404558,0.0792948344047466,0.11797229504568,0.627684111066863,0.413338051805033
"Oral_somatosensory_cortex_L",0.429546962850768,-0.188195540143473,0.57094957285807,0.203821331002228,0.646902862383054,0.343451143779675,0.45544615394759,0.309132518927614,0.561158502371776,0.251209353354075,0.3657063928441,0.29592883585293,0.19976299400441,0.138099611378683,0.718666780648494,1,0.326206504906722,0.473131173295913,0.394437524073893,0.299027195393838,0.326235205976966,0.359970538482224,0.541797911050758,-0.0218170763207214,0.0535086791850004,0.35979317649753,0.658930400703873,0.672167764147247
"Oral_somatosensory_cortex_R",0.419495473716925,-0.00755241892140382,0.535576984051038,0.371467208299187,0.260037166432677,0.341997727878613,0.571435485715419,0.453556028230506,0.398248831594736,0.585750289869439,0.42405635765805,0.470715481691941,0.470368329439124,0.676652452373157,0.302384297786736,0.326206504906722,1,0.721472013942634,0.363910386718179,0.492453719012092,0.265087877439976,0.35007472339649,0.618890803377337,0.259574114833612,0.0453459540363726,0.286435880977937,0.526266563675954,0.48260917103835
"Precuneus_L",0.504095485955286,0.0974453766386751,0.772167448295384,0.555707609904778,0.492910389003684,0.310951304861741,0.671661585896806,0.449124693114048,0.569734357318851,0.727485035811278,0.465714756737378,0.571825048387574,0.528793620383074,0.583597910776431,0.460023583650165,0.473131173295913,0.721472013942634,1,0.537104695455912,0.585004511091152,0.617158121455597,0.476562067294114,0.693421225553189,0.309832418783383,0.0884308101748839,0.285962102787851,0.664881891912262,0.611000989309537
"Precuneus_R",0.308101732147844,0.153462088041506,0.430812279619656,0.267597951973834,0.183149354194473,0.311415477351703,0.434426832122982,0.290641726223282,0.180140453836585,0.421329885509957,0.549808361352641,0.349226782076152,0.35189006341559,0.364785614847039,0.472820027751809,0.394437524073893,0.363910386718179,0.537104695455912,1,0.378162045627692,0.224283687217038,0.176098800239085,0.413862859599441,-0.092878350850885,0.0717114872082769,0.119069945776784,0.438713613388908,0.354472394393082
"Ventral_striatum_L",0.674421323706685,0.19225955378417,0.624850539661506,0.402270781631515,0.37767400605124,0.343488070479015,0.753619089014873,0.47381984382446,0.473898530204297,0.653362913074613,0.611967171716583,0.539825537627961,0.402087223761458,0.522811067418135,0.177935396836505,0.299027195393838,0.492453719012092,0.585004511091152,0.378162045627692,1,0.562724894334727,0.289509987556339,0.529667826810351,-0.0616222775818229,0.176767938993965,0.406685442172,0.58660696111443,0.517394975764259
"Ventral_striatum_R",0.525706076305475,-0.0950397496801695,0.423857284462406,0.367455157097143,0.407584107563531,0.244277890522987,0.649937290901674,0.373187952064443,0.392628154149067,0.562467832942427,0.591606846354802,0.554420824323967,0.318509024134498,0.20657700735861,0.231775865465103,0.326235205976966,0.265087877439976,0.617158121455597,0.224283687217038,0.562724894334727,1,0.611394617263603,0.432553663051398,0.232573913604203,0.135559880202629,0.335785898854746,0.400215533418557,0.386102669200467
"vlPFC_L",0.0695730051096383,-0.289842796783795,0.289915632811252,0.426349038929881,0.360023364363833,0.355396496283869,0.31513878059334,0.37456292787589,0.380141301095808,0.32674879826021,0.42896140908732,0.538999143355275,0.324176825131223,0.166072282054182,0.328331950393738,0.359970538482224,0.35007472339649,0.476562067294114,0.176098800239085,0.289509987556339,0.611394617263603,1,0.232009643634891,0.103954049544072,-0.214649842185176,0.12722557982829,0.389297567082603,0.333383039008092
"vlPFC_R",0.535019196628566,0.149059502585633,0.584844160557915,0.310028368311595,0.417552637659799,0.285241578487866,0.727893068145444,0.516212571693678,0.676049369618196,0.727216028439821,0.597804670036716,0.524150225019236,0.662223640678542,0.704420158418922,0.167191101466494,0.541797911050758,0.618890803377337,0.693421225553189,0.413862859599441,0.529667826810351,0.432553663051398,0.232009643634891,1,0.259660681788744,0.232545793001115,0.533094524449605,0.562473762066997,0.732657745632342
"vlThalamus_L",0.111649728334836,-0.140214321301887,0.215737543720914,0.169690058753831,-0.0733108274744909,-0.153942738973183,0.13379441313503,-0.211371303253487,0.104858283568101,0.307009155053669,0.0638528509593474,0.138094099834395,0.389220528438442,0.284661270431992,-0.0084224087404558,-0.0218170763207214,0.259574114833612,0.309832418783383,-0.092878350850885,-0.0616222775818229,0.232573913604203,0.103954049544072,0.259660681788744,1,0.0786938462057805,0.0281107387190186,0.0997822297441475,0.149566514836043
"vlThalamus_R",0.308983202490093,0.299193962523089,0.161803405724752,0.129023177691824,0.108677451626475,0.252898876223465,0.399164626596842,0.280150264678939,0.154346006711146,0.180971242613552,0.342814311959859,-0.090464100101866,0.0654506982873585,0.307894861292407,0.0792948344047466,0.0535086791850004,0.0453459540363726,0.0884308101748839,0.0717114872082769,0.176767938993965,0.135559880202629,-0.214649842185176,0.232545793001115,0.0786938462057805,1,0.517871876068871,0.0458607806467258,0.198437420332007
"vmPFC_L",0.472966357305586,-0.0148314198733977,0.136970824876931,0.0362802102064594,0.286790004338735,0.458529944482557,0.491565495821357,0.506907147658667,0.348718584899356,0.339916218891274,0.505978590312836,0.136130948839921,0.336435601471617,0.435265622134945,0.11797229504568,0.35979317649753,0.286435880977937,0.285962102787851,0.119069945776784,0.406685442172,0.335785898854746,0.12722557982829,0.533094524449605,0.0281107387190186,0.517871876068871,1,0.113860479517515,0.223788757893938
"vmPFC_R",0.516599263371456,-0.0977719673359956,0.885755107945764,0.649914587885831,0.620595261060721,0.228729733986284,0.591178850157955,0.334220417985492,0.646070027122264,0.528885479560852,0.305491701112541,0.461497291643198,0.234319067424067,0.383969686494684,0.627684111066863,0.658930400703873,0.526266563675954,0.664881891912262,0.438713613388908,0.58660696111443,0.400215533418557,0.389297567082603,0.562473762066997,0.0997822297441475,0.0458607806467258,0.113860479517515,1,0.842369478356052
"NA",0.451335234517727,-0.0170243300726079,0.756751795121725,0.546772692527715,0.552509938250748,0.330901364689844,0.637103183378718,0.440898003281206,0.713252201128162,0.539538585567332,0.47778012995755,0.471061111795102,0.432270320337537,0.48089988237809,0.413338051805033,0.672167764147247,0.48260917103835,0.611000989309537,0.354472394393082,0.517394975764259,0.386102669200467,0.333383039008092,0.732657745632342,0.149566514836043,0.198437420332007,0.223788757893938,0.842369478356052,1
