"Amygdala_L","Amygdala_R","Dorsal_striatum_L","Dorsal_striatum_R","Fusiform_gyrus_L","Fusiform_gyrus_R","Hippocampus_L","Hippocampus_R","Insula_L","Insula_R","Intracalcarine_cortex_L","Intracalcarine_cortex_R","lOFC_R","mOFC_L","mOFC_R","Oral_somatosensory_cortex_L","Oral_somatosensory_cortex_R","Precuneus_L","Precuneus_R","Ventral_striatum_L","Ventral_striatum_R","vlPFC_L","vlPFC_R","vlThalamus_L","vlThalamus_R","vmPFC_L","vmPFC_R"
"Amygdala_L",1,0.18057660067652,0.109501442843709,0.122328489637417,0.0262286544151911,0.155607396156091,0.242032059108377,0.288994255949432,0.411480772236957,0.296445442106447,0.0265016977150043,0.0295548747322836,0.236015654660194,0.132826873123412,-0.17431447182582,-0.49302011914823,0.161574448907287,0.442259496391289,0.0502154083214589,0.449705345531031,0.477451203322965,0.0545450292639867,-0.0271635660940706,0.260646724916565,0.216332415082278,0.0928961611605423,0.0686901158667858
"Amygdala_R",0.18057660067652,1,0.10982950795012,0.0513576214965801,0.0108577715112574,0.155593715038001,0.320099086394339,-0.151337283393525,0.0484545981067933,0.216918945278335,-0.0495025426865952,-0.219494005038487,0.0580197813055467,0.115185079935979,-0.000809124462668058,-0.0736920308017147,0.131483998586845,0.247893225918688,-0.336685459598729,0.255456363655853,0.169024892843279,0.178236169637924,0.204613229589597,-0.0417579419004312,-0.0153836364140501,0.0665597893598964,0.129616951861645
"Dorsal_striatum_L",0.109501442843709,0.10982950795012,1,0.699678337307575,0.251126404273651,-0.0693735473747443,0.246417272045782,0.326064930967179,0.384913496355236,0.32091360826615,-0.101237301572935,-0.0486779358481494,0.0710734240082892,0.146060222286279,0.218566953755193,-0.184560833970235,0.515960015839422,0.530310448369789,-0.0698054632187489,0.495579268444137,0.508632491986404,0.216377003545439,0.0920686725603809,0.306106123254956,0.351115092862064,0.334383778846427,0.415704951807984
"Dorsal_striatum_R",0.122328489637417,0.0513576214965801,0.699678337307575,1,0.239734679023441,-0.00311912065964572,0.340039808826061,0.301914003413071,0.358906275931097,0.498833690466952,-0.146314014824655,-0.0665017160496338,0.0227454503757702,0.0181727847833629,0.270250843783012,-0.120003272553858,0.541760361280856,0.536966851639824,-0.0574737712022887,0.400469020157162,0.424966051535376,0.147774179720298,0.0629002295668786,0.147507142238047,0.302713760614312,0.389825367524991,0.41145438683502
"Fusiform_gyrus_L",0.0262286544151911,0.0108577715112574,0.251126404273651,0.239734679023441,1,0.161574900824321,0.351598278384722,0.472076076644322,-0.0469861867172593,0.0812742772034447,-0.2918530588807,-0.413882934608635,0.00705739817715075,-0.0434992782040086,0.394353385378816,0.0774421285218401,0.131778074401931,0.085208261502486,-0.164541127734927,0.0880968243097602,0.226621568339297,0.183284981908109,0.174273122222766,-0.092399868180258,0.0437526450615571,0.510656571106909,0.472254087329849
"Fusiform_gyrus_R",0.155607396156091,0.155593715038001,-0.0693735473747443,-0.00311912065964572,0.161574900824321,1,0.181430873633759,-0.0511402156945994,-0.103226414885752,0.02507507552247,0.11810507637662,0.161618550368994,-0.0482273518552126,-0.00243441973533296,-0.268538033580026,-0.0970485907676902,0.137947280563162,0.131131690526276,-0.106582716031659,0.123025844787077,-0.0996843646727428,0.144499821858027,-0.0349978946686367,-0.234451252001961,-0.106372137926382,-0.0823255539653047,-0.0794892373719955
"Hippocampus_L",0.242032059108377,0.320099086394339,0.246417272045782,0.340039808826061,0.351598278384722,0.181430873633759,1,0.47800629639149,0.185658678347962,0.293071366476967,-0.242245840137581,-0.262958966764533,0.216450116930037,0.187769001110955,0.0868027836471141,-0.145763555568229,0.106406794350719,0.206778627201351,-0.198631637004229,0.225666796059482,0.324873026878232,0.263111848039243,0.235331919214547,0.0902449454891824,0.228944495620442,0.243559183545262,0.249516505807953
"Hippocampus_R",0.288994255949432,-0.151337283393525,0.326064930967179,0.301914003413071,0.472076076644322,-0.0511402156945994,0.47800629639149,1,0.190737787537436,0.216949852917758,-0.188399225408925,-0.232043367295568,0.156635359457162,0.161633956174433,0.0833157353222663,-0.382976143779733,0.186833221623802,0.193424639344291,-0.0615104755590228,0.244020428194944,0.422501675449887,0.127911277687465,-0.00746893998647981,0.159297585921055,0.313847807407447,0.272598054160262,0.235954156895957
"Insula_L",0.411480772236957,0.0484545981067933,0.384913496355236,0.358906275931097,-0.0469861867172593,-0.103226414885752,0.185658678347962,0.190737787537436,1,0.382062126243331,0.074875988721769,0.156433624122732,-0.0155318402733259,0.0512801523020798,-0.188211356945934,-0.307548566515573,0.0841282111012829,0.300886716135754,0.0302748401155999,0.286069630343653,0.240196612119985,0.0948417018808209,0.0174703014428223,0.396645592084243,0.542086707269017,-0.134160963793934,-0.0695775872172395
"Insula_R",0.296445442106447,0.216918945278335,0.32091360826615,0.498833690466952,0.0812742772034447,0.02507507552247,0.293071366476967,0.216949852917758,0.382062126243331,1,-0.13887922531442,-0.199241954008295,-0.00442424028571238,0.0769507110965595,0.0577429156472129,-0.170336570822638,0.104327174521931,0.312408256858163,-0.0554484091158189,0.304442011583462,0.308241222445866,0.132954857546388,0.210278653418999,0.186379092960549,0.324640716727992,0.130832149882008,0.12162678398078
"Intracalcarine_cortex_L",0.0265016977150043,-0.0495025426865952,-0.101237301572935,-0.146314014824655,-0.2918530588807,0.11810507637662,-0.242245840137581,-0.188399225408925,0.074875988721769,-0.13887922531442,1,0.732840520374535,0.0824985720851256,0.0657652829136717,-0.0707424598816256,0.109174721848999,-0.249811632156748,-0.150894229158619,0.407167929099786,0.0814213643053716,-0.292683657979031,-0.345060645853311,-0.189205951883863,0.0818308731153171,-0.0224906781933857,-0.236539676413414,-0.197035190201413
"Intracalcarine_cortex_R",0.0295548747322836,-0.219494005038487,-0.0486779358481494,-0.0665017160496338,-0.413882934608635,0.161618550368994,-0.262958966764533,-0.232043367295568,0.156433624122732,-0.199241954008295,0.732840520374535,1,0.0121662171203638,0.0710930216152559,-0.24172254704518,-0.089668051458151,-0.165252938498701,-0.148546624703106,0.409997649629135,0.0101788548051795,-0.257767850042407,-0.393390614997172,-0.341316596069999,0.173553612534011,0.145089044111199,-0.455288949587872,-0.465520511071981
"lOFC_R",0.236015654660194,0.0580197813055467,0.0710734240082892,0.0227454503757702,0.00705739817715075,-0.0482273518552126,0.216450116930037,0.156635359457162,-0.0155318402733259,-0.00442424028571238,0.0824985720851256,0.0121662171203638,1,0.666769038331007,-0.00305574216919784,0.0349875003300838,-0.0461803706957113,0.10236707028874,-0.203556960923597,0.0467235801636241,0.157549591378552,0.186943855635805,0.132765103645176,0.12565681891323,0.0547844713407069,0.107801336439074,0.183180750961081
"mOFC_L",0.132826873123412,0.115185079935979,0.146060222286279,0.0181727847833629,-0.0434992782040086,-0.00243441973533296,0.187769001110955,0.161633956174433,0.0512801523020798,0.0769507110965595,0.0657652829136717,0.0710930216152559,0.666769038331007,1,0.0625048938633025,-0.0678455402844082,0.0282692844453823,0.171128049392188,-0.133415444002672,0.117879974364845,0.104563337300935,0.175486899489132,0.0350576994756793,0.297726254585456,0.156480090373894,0.0665806515393767,0.119481915789716
"mOFC_R",-0.17431447182582,-0.000809124462668058,0.218566953755193,0.270250843783012,0.394353385378816,-0.268538033580026,0.0868027836471141,0.0833157353222663,-0.188211356945934,0.0577429156472129,-0.0707424598816256,-0.24172254704518,-0.00305574216919784,0.0625048938633025,1,0.29273566814124,0.0590617171221242,0.00284855285155093,0.066106276620765,-0.0480599428893531,0.0978437926279369,-0.112964229393988,0.060684299251578,0.0728262961154929,0.108539928363983,0.559590791902154,0.432966198797166
"Oral_somatosensory_cortex_L",-0.49302011914823,-0.0736920308017147,-0.184560833970235,-0.120003272553858,0.0774421285218401,-0.0970485907676902,-0.145763555568229,-0.382976143779733,-0.307548566515573,-0.170336570822638,0.109174721848999,-0.089668051458151,0.0349875003300838,-0.0678455402844082,0.29273566814124,1,-0.244403755850548,-0.281053335170426,0.00963280497647241,-0.310153294013882,-0.264179973221152,-0.00777990168775425,0.225794894118055,-0.260589620575282,-0.265807758333327,0.120684365631508,0.145679997179042
"Oral_somatosensory_cortex_R",0.161574448907287,0.131483998586845,0.515960015839422,0.541760361280856,0.131778074401931,0.137947280563162,0.106406794350719,0.186833221623802,0.0841282111012829,0.104327174521931,-0.249811632156748,-0.165252938498701,-0.0461803706957113,0.0282692844453823,0.0590617171221242,-0.244403755850548,1,0.796581725377961,-0.123106081966467,0.417189815344212,0.391858932638184,0.354141538815395,0.0940490025814278,-0.0401004317479074,0.0665350881290243,0.277139777457431,0.485841181019829
"Precuneus_L",0.442259496391289,0.247893225918688,0.530310448369789,0.536966851639824,0.085208261502486,0.131131690526276,0.206778627201351,0.193424639344291,0.300886716135754,0.312408256858163,-0.150894229158619,-0.148546624703106,0.10236707028874,0.171128049392188,0.00284855285155093,-0.281053335170426,0.796581725377961,1,-0.130978099772768,0.681119486968151,0.582789945990444,0.446395385057361,0.291160515555875,0.0859190713436043,0.0923755831230252,0.293996551164883,0.486628610574686
"Precuneus_R",0.0502154083214589,-0.336685459598729,-0.0698054632187489,-0.0574737712022887,-0.164541127734927,-0.106582716031659,-0.198631637004229,-0.0615104755590228,0.0302748401155999,-0.0554484091158189,0.407167929099786,0.409997649629135,-0.203556960923597,-0.133415444002672,0.066106276620765,0.00963280497647241,-0.123106081966467,-0.130978099772768,1,-0.0370369395110275,-0.246256485399734,-0.33296858932023,-0.174032337462788,0.0154313750636827,-0.0902800627751789,-0.0104266724146461,-0.183175824998457
"Ventral_striatum_L",0.449705345531031,0.255456363655853,0.495579268444137,0.400469020157162,0.0880968243097602,0.123025844787077,0.225666796059482,0.244020428194944,0.286069630343653,0.304442011583462,0.0814213643053716,0.0101788548051795,0.0467235801636241,0.117879974364845,-0.0480599428893531,-0.310153294013882,0.417189815344212,0.681119486968151,-0.0370369395110275,1,0.632691069799826,0.0584048006199664,-0.00369274295911754,0.158562947334292,0.138320633142883,0.321121649948114,0.469728359213886
"Ventral_striatum_R",0.477451203322965,0.169024892843279,0.508632491986404,0.424966051535376,0.226621568339297,-0.0996843646727428,0.324873026878232,0.422501675449887,0.240196612119985,0.308241222445866,-0.292683657979031,-0.257767850042407,0.157549591378552,0.104563337300935,0.0978437926279369,-0.264179973221152,0.391858932638184,0.582789945990444,-0.246256485399734,0.632691069799826,1,0.245580664284105,0.168989540648326,0.276609702754713,0.231033652227776,0.278594053922788,0.351198741843088
"vlPFC_L",0.0545450292639867,0.178236169637924,0.216377003545439,0.147774179720298,0.183284981908109,0.144499821858027,0.263111848039243,0.127911277687465,0.0948417018808209,0.132954857546388,-0.345060645853311,-0.393390614997172,0.186943855635805,0.175486899489132,-0.112964229393988,-0.00777990168775425,0.354141538815395,0.446395385057361,-0.33296858932023,0.0584048006199664,0.245580664284105,1,0.496454277315249,-0.0648530165318953,-0.0667298032779959,0.130738631808807,0.246631486320644
"vlPFC_R",-0.0271635660940706,0.204613229589597,0.0920686725603809,0.0629002295668786,0.174273122222766,-0.0349978946686367,0.235331919214547,-0.00746893998647981,0.0174703014428223,0.210278653418999,-0.189205951883863,-0.341316596069999,0.132765103645176,0.0350576994756793,0.060684299251578,0.225794894118055,0.0940490025814278,0.291160515555875,-0.174032337462788,-0.00369274295911754,0.168989540648326,0.496454277315249,1,0.0265255326025598,-0.0510916361635781,0.0463548754921154,0.118619057636302
"vlThalamus_L",0.260646724916565,-0.0417579419004312,0.306106123254956,0.147507142238047,-0.092399868180258,-0.234451252001961,0.0902449454891824,0.159297585921055,0.396645592084243,0.186379092960549,0.0818308731153171,0.173553612534011,0.12565681891323,0.297726254585456,0.0728262961154929,-0.260589620575282,-0.0401004317479074,0.0859190713436043,0.0154313750636827,0.158562947334292,0.276609702754713,-0.0648530165318953,0.0265255326025598,1,0.642650393099249,-0.0629981301659028,-0.180762472775218
"vlThalamus_R",0.216332415082278,-0.0153836364140501,0.351115092862064,0.302713760614312,0.0437526450615571,-0.106372137926382,0.228944495620442,0.313847807407447,0.542086707269017,0.324640716727992,-0.0224906781933857,0.145089044111199,0.0547844713407069,0.156480090373894,0.108539928363983,-0.265807758333327,0.0665350881290243,0.0923755831230252,-0.0902800627751789,0.138320633142883,0.231033652227776,-0.0667298032779959,-0.0510916361635781,0.642650393099249,1,-0.0849389142297459,-0.0914707528126574
"vmPFC_L",0.0928961611605423,0.0665597893598964,0.334383778846427,0.389825367524991,0.510656571106909,-0.0823255539653047,0.243559183545262,0.272598054160262,-0.134160963793934,0.130832149882008,-0.236539676413414,-0.455288949587872,0.107801336439074,0.0665806515393767,0.559590791902154,0.120684365631508,0.277139777457431,0.293996551164883,-0.0104266724146461,0.321121649948114,0.278594053922788,0.130738631808807,0.0463548754921154,-0.0629981301659028,-0.0849389142297459,1,0.753889802843157
"vmPFC_R",0.0686901158667858,0.129616951861645,0.415704951807984,0.41145438683502,0.472254087329849,-0.0794892373719955,0.249516505807953,0.235954156895957,-0.0695775872172395,0.12162678398078,-0.197035190201413,-0.465520511071981,0.183180750961081,0.119481915789716,0.432966198797166,0.145679997179042,0.485841181019829,0.486628610574686,-0.183175824998457,0.469728359213886,0.351198741843088,0.246631486320644,0.118619057636302,-0.180762472775218,-0.0914707528126574,0.753889802843157,1
